,,W0,W1,W2,W3,W4,W5,W6
F0,S0,2.6387095388183388e-08,1.6839208815637853e-08,3.1215724086502986e-08,6.195663057037985e-08,4.717668875739278e-08,5.0539378897941045e-08,1.9328873949032148e-08
F0,S1,4.852194206711597e-08,2.3171928338057494e-08,3.9575445017838145e-08,7.737261967786809e-08,6.258425231021466e-08,8.021543694332822e-08,2.3725206240926847e-08
F0,S2,1.0078087370397844e-07,5.0871254063745973e-08,1.1097572781428851e-07,2.6244071417751514e-07,1.5436263609066974e-07,1.7311744052918662e-07,4.358596174426961e-08
F0,S3,2.778302408290871e-08,1.8012184850366497e-08,2.7812907842541458e-08,5.397160297569575e-08,4.140594857283647e-08,5.0385075737764246e-08,1.808697969989821e-08
F0,S4,7.158769374828285e-08,3.5037725052190895e-08,4.394640807778985e-08,1.3046186145275668e-07,7.869129575581397e-08,1.4584333846820736e-07,2.746787183335002e-08
F0,S5,2.8647195517035433e-08,1.4708038278964174e-08,2.6529112413369546e-08,6.278714314028729e-08,4.19941347608127e-08,4.8289941420369014e-08,2.0962681520597472e-08
F0,S6,2.02500755549389,555.9600011302623,8.249090825944821e-08,1.7009320586837102e-07,6.012812638063801e-07,440.4278295683144,3.6265300785291475e-08
F0,S7,3.299300577575536e-08,1.5536088167951727e-08,3.8661979459985056e-08,1.0278862971488015e-07,5.947745223243317e-08,5.1880915390451724e-08,3.0181495582485546e-08
F0,S8,2.7322315869582287e-08,1.529285948966516e-08,3.436636892499631e-08,6.195391064280056e-08,4.5792855603666745e-08,4.7193140767770935e-08,2.3469783679388677e-08
F0,S9,4.132292550794486e-08,2.492460914710206e-08,7.212219053001321e-08,9.516642174910195e-08,1.0738106010761018e-07,8.064812579137536e-08,6.6800899677533e-08
F0,S10,3.1854866790741685e-08,1.7541851341537513e-08,3.602375826380182e-08,6.869640888230469e-08,5.329272940979292e-08,5.5363648608747557e-08,2.1070840806063038e-08
F0,S11,5.2324391906461243e-08,2.4108819759373878e-08,7.675938346933028e-08,7.574405106170219e-08,1.081100041723213e-07,1.0193592574292781e-07,3.1447143579182514e-08
F0,S12,5.9267909903521726e-08,4.22042261468828e-08,1.8183089985462852e-07,1.0947254601736093e-07,2.1155231266324774e-07,1.2249631874641303e-07,5.3253027876066536e-08
F0,S13,6.452501680725637e-08,1.9343469488991886e-08,1.0009561122669793e-07,1.7497778217002214e-07,1.2193821022404218e-07,7.999443478336054e-08,6.105217720803812e-08
F0,S14,2.570235173430273e-08,1.7627296922231614e-08,2.7552014085447766e-08,5.152630504688572e-08,4.2354805044333544e-08,5.061467367368265e-08,1.697698278374818e-08
F0,S15,6.762107369492407e-08,2.4124590097771737e-08,5.1754968538244e-08,1.4037725885470304e-07,8.596190977920267e-08,9.587765368775509e-08,3.726968630954512e-08
F0,S16,584.2499468420183,2.2815653886906334e-08,6.644943248617009e-08,6.533143882226123,212.43947294554025,223.1927346007055,6.001788241591485e-08
F0,S17,5.107802024505923e-08,6.200767514044686e-08,3.6657393902278664e-08,1.029699937771294e-07,6.406706798527803e-08,9.691920721346336e-08,2.669842543992945e-08
F0,S18,4.5381912094663695e-08,2.437103332776003e-08,3.806466009541069e-08,1.2410004369069354e-07,6.507071563396592e-08,1.071290900517182e-07,3.2617769875049525e-08
F0,S19,8.246377354278311e-07,225.08031322819792,2.2181486537899083e-07,3.382663347760644e-07,4.99092363088769e-06,62.61200901023344,7.438350806662056e-08
F0,S20,1.1432104581523323e-07,67.01467574293677,7.704223573023067e-08,2.572096615064904e-07,2.104008235171302e-07,6.256136390948755e-07,5.916335056266657e-08
F0,S21,3.342345051071362e-08,3.287948861809054e-08,3.2039847667717404e-08,8.090874207390814e-08,5.919632353285259e-08,7.771480679552321e-08,2.4042458557451042e-08
F0,S22,5.78587606432051e-08,2.4355827269079293e-08,4.924262149971772e-08,9.87415983303759e-08,9.379094082077421e-08,8.225829976215475e-08,3.107082693680709e-08
F0,S23,4.3643331790507407e-08,2.5206404492126183e-08,7.889531511511674e-08,8.061891704673538e-08,1.0587676935812806e-07,7.970321896329401e-08,3.329827181054768e-08
F0,S24,5.672999211907183e-08,3.595416913965342e-08,6.130578200142175e-08,2.4708135315741556e-07,9.909799561511317e-08,1.1158942822708208e-07,6.200904612204876e-08
F0,S25,3.279749012454791e-08,1.6675753261785843e-08,3.1716269519648884e-08,6.499030763037029e-08,4.719235252765484e-08,5.4238829098101796e-08,2.1390279050587396e-08
F0,S26,4.7886196549468174e-08,4.375325517968731e-08,6.081335482818312e-08,8.735662429186462e-08,1.0828642232210067e-07,1.0444836769761496e-07,3.4763195396835847e-08
F0,S27,3.254556733154268e-08,1.9108796709458445e-08,3.47390096380235e-08,1.0704129176764414e-07,5.496118957630007e-08,6.30656413796263e-08,2.8813044983813438e-08
F0,S28,3.56010282743465e-08,5.9385994744878535e-08,3.022153206510485e-07,1.5296070317915996e-07,1.2935119358306372e-07,1.1159302079833582e-07,14.284741719900639
F0,S29,7.542540360240833e-08,2.1049963822775387e-08,4.542015177263176e-08,1.1633013284321754e-07,8.015296551624886e-08,1.0925813963115334e-07,2.985720145883821e-08
F0,S30,6.41999412060601e-08,3.828404775912768e-08,2.1103950153231282e-06,1.4096048158619798e-07,2.8099396988361845e-07,9.630205851551247e-08,1.281900437439112e-07
F0,S31,3.5192412667107434e-08,2.0007135625644576e-08,5.5149764185908616e-08,7.334299694581516e-08,7.034608245577331e-08,5.990038441251234e-08,3.0036934167809375e-08
F0,S32,2.7260389454535262e-08,3.954763470313776e-08,3.217881811402692e-08,5.260635166132933e-08,5.217561298545289e-08,6.919576901057959e-08,2.125747441194151e-08
F0,S33,8.164528509437963e-08,2.2184810135435164e-08,163.28993700807035,1.5647087221058815e-07,82.91747274566994,1.2463855670953156e-07,1.773048746145826e-07
F0,S34,1.1109119140093135e-07,6.172259242687962e-08,6.142794859876044e-08,4.1932745733640906e-07,2.0483322834834055e-07,2.824541971207961e-07,3.8976338466418414e-08
F0,S35,8.372232149266169e-08,2.882872634203133e-08,4.97645742504453e-08,2.7086180006005564e-07,9.16294313232933e-08,1.1329258021912969e-07,6.235785552209914e-08
F0,S36,4.333137915798541e-08,2.4248960877430552e-08,4.577938362491141e-08,1.3319443035769213e-07,7.492331958817775e-08,8.587159076161687e-08,4.589971200360493e-08
F0,S37,4.80718339658284e-08,2.354693781336639e-08,2.4403083078314463e-07,8.260351866561996e-08,1.7674800449966622e-07,7.880233523373233e-08,4.053374522202339e-08
F0,S38,3.95332949951797e-08,2.3424404062598102e-08,5.7081649711627635e-08,1.049283426316162e-07,9.114295519986083e-08,7.26414136600305e-08,5.475456038192453e-08
F0,S39,2.5674056220195625e-08,1.567194996568176e-08,2.8097712426275907e-08,5.462737342478964e-08,4.296099069588225e-08,4.9908106239876296e-08,1.858645697549041e-08
F0,S40,3.112332389127795e-08,2.6333222821278318e-08,3.151032406760409e-08,6.40509488601168e-08,5.2166606848090666e-08,6.528261411116787e-08,2.026224043512307e-08
F0,S41,2.2481690208594773e-08,1.4707825763011273e-08,2.3832488035780258e-08,5.091441327754718e-08,3.644706429598861e-08,4.3232012571019244e-08,1.6552283078266806e-08
F0,S42,3.737067142373357e-08,2.9334171800356275e-08,4.009283856249641e-08,1.1963163995225012e-07,6.949321878831237e-08,8.680562913781567e-08,3.005644896916246e-08
F0,S43,4.491050304320311e-08,2.3384804794096867e-08,3.778988015265631e-08,1.0366483874402698e-07,6.554687591314108e-08,7.437492949514085e-08,3.5726506909427585e-08
F0,S44,3.209062037464448e-08,2.227879870703632e-08,3.417309486074786e-08,6.29077548209833e-08,5.2586488588147004e-08,6.489805020649463e-08,2.20927178069565e-08
F0,S45,2.978707438778586e-08,2.2039518831792514e-08,2.9955163637301556e-08,6.244220850198945e-08,4.659931647602345e-08,5.744181030108418e-08,2.057819654196508e-08
F0,S46,5.600836745530522e-08,3.998492021418533e-08,6.197907894253343e-08,9.99596316615611e-08,1.1071605562084023e-07,1.2140169172242337e-07,3.5782905116376493e-08
F0,S47,3.219204919013094e-08,1.5248041494280744e-08,3.18736803009631e-08,7.344547707782924e-08,5.5480049771252453e-08,5.6646900065623605e-08,2.5974649296747382e-08
F0,S48,5.6108332904443135e-08,2.0485527676202383e-08,4.223478564539114e-08,1.4100087516834799e-07,7.59455842665429e-08,8.224795516890131e-08,3.323232399098807e-08
F0,S49,5.253487489550774e-08,2.528861430747611e-08,3.918325092660682e-08,1.0932669649356489e-07,6.891998057026901e-08,7.651597118110754e-08,3.493116413329407e-08
F0,S50,7.482116683337708e-08,2.8809411058997296e-08,8.102950392100569e-08,1.6088258247926868e-07,1.6891925980114104e-07,1.0109868733230995e-07,6.764097381936338e-08
F0,S51,4.489928888515276e-08,1.6244853075086983e-08,4.121045121415941e-08,1.296702278466299e-07,6.422630640866318e-08,6.061602851886258e-08,3.894624497572724e-08
F0,S52,9.31386206319274e-08,5.670800971662647e-08,6.766171755571396e-08,2.0654304608595228e-07,1.2287938222152578e-07,1.3021109436344077e-07,4.3413982612687454e-08
F0,S53,4.463344610252306e-08,1.6603914613382e-07,1.1360296537552707e-07,1.6136909370065969e-07,1.0380224874453185e-07,1.7237806106739525e-07,1.7624220226348785e-07
F0,S54,1.5535476675341455e-07,1.7066845950165813e-08,4.084088510655624e-08,1.273864755143332e-07,1.2109012377432986e-07,1.4513390306616296e-07,2.9561008529963096e-08
F0,S55,4.455980277576234e-08,2.0282481300065756e-08,4.4881458365258544e-08,8.527413370644572e-08,8.862172611063202e-08,8.915836335260641e-08,3.1729913250792455e-08
F0,S56,3.8926820325020826e-08,1.7568397067631623e-08,1.0933893477408583e-07,9.422999490825728e-08,1.305535561603306e-07,6.54515001437494e-08,4.303366613429646e-08
F0,S57,2.9727430238243022e-08,1.7400341877589187e-08,3.5927779130797373e-08,6.86031446736995e-08,5.184800577525431e-08,5.361917719986928e-08,2.607111861600322e-08
F0,S58,7.839438604845071e-08,2.69774229901808e-08,5.9567926399054265e-08,1.5349819936162422e-07,1.197566178147875e-07,1.2260477611428437e-07,3.848244598397173e-08
F0,S59,2.5025092653242106e-08,1.519508335408625e-08,2.7487234304819935e-08,7.083438787556202e-08,3.79436551441558e-08,4.733386258229217e-08,2.1309372798618458e-08
F0,S60,4.8090643082590966e-08,2.12827637706635e-08,6.492136483452402e-08,8.505349520495392e-08,8.587885788293148e-08,6.726019702675653e-08,3.994660826884539e-08
F0,S61,9.083365713833707e-08,2.8794192744398463e-08,2.767706232644504e-07,2.393220721678888e-07,198.58838145420626,2.9512069584757933e-07,50.81616911455676
F0,S62,2.7095955361015003e-08,1.5956804256356175e-08,2.8517746919709105e-08,6.959856932899613e-08,4.255293968674519e-08,4.9600593800636103e-08,2.213690039118881e-08
F0,S63,3.3612197800463384e-08,1.8207204699380157e-08,5.7297937194914905e-08,8.397379571461575e-08,6.960674173941125e-08,5.909608028319133e-08,2.707525382319198e-08
F0,S64,3.405165900459205e-08,4.0937813156593174e-08,3.294709249626623e-08,6.736677589161198e-08,5.86390980969944e-08,8.454747869902133e-08,2.209747442881195e-08
F0,S65,9.337245485913552e-08,2.589726206475936e-08,9.967358930888747e-08,1.366582014948743e-07,2.3480804540354711e-07,1.1064391364542735e-07,7.566693429751194e-08
F0,S66,2.7637407805474264e-08,1.8694612804568378e-08,2.9337698583225016e-08,5.744081891783998e-08,4.64588231223004e-08,5.7183897339340286e-08,1.9923631976375558e-08
F0,S67,3.7443152533757754e-08,2.9288381977089218e-08,6.076159121220942e-08,7.530802592829947e-08,9.181895924317321e-08,8.363227406273487e-08,3.392178786686037e-08
F0,S68,4.405620834081783e-08,4.908157920473658e-08,3.588924413276737e-08,6.670966889528988e-08,5.996249925554332e-08,9.27451727072159e-08,2.1148137315443625e-08
F0,S69,3.175632405262887e-08,2.0385010947668025e-08,4.242077529766759e-08,7.336423372418362e-08,5.752514053116501e-08,5.879197679800601e-08,2.5507811285174263e-08
F0,S70,2.9213355643870436e-08,2.893998038259906e-08,3.1109717555796614e-08,5.772376157742119e-08,5.0151277479494025e-08,6.682719976652898e-08,2.0016472379239904e-08
F0,S71,3.0466672835289086e-08,2.8397522481977474e-08,3.387654516924953e-08,6.306050569541054e-08,5.3481468194065516e-08,6.870207347439407e-08,2.1410580656368426e-08
F0,S72,2.376767787731425e-08,1.3689141501839466e-08,2.6253444533045096e-08,6.422584476248475e-08,3.79890129660926e-08,4.413343905438857e-08,1.922455130345308e-08
F0,S73,5.9218357029932714e-08,2.484307899799435e-08,7.653741540515754e-08,127.52412699350536,1.3628336454835296e-07,9.565082624117241e-08,4.410278567527511e-07
F0,S74,3.080557185637643e-08,2.5227716764513943e-08,4.165735539729406e-08,6.032202800242493e-08,6.476652150103996e-08,7.11356357399677e-08,2.559643282165733e-08
F0,S75,3.1029966700388664e-08,1.8415632834045612e-08,3.369117679909429e-08,6.334559712455895e-08,5.2278065020582706e-08,6.090068024885869e-08,1.9941803726381026e-08
F0,S76,6.33953154215011e-08,2.5199501000365674e-08,2.1024061055079537e-07,9.663975161514482e-08,1.8750238401448545e-07,9.537000936027696e-08,5.457164015381151e-08
F0,S77,4.8027168323049477e-08,3.4711706342622285e-08,4.00305615266929e-08,8.837371775565438e-08,7.034542670918766e-08,9.861747250446633e-08,2.5268105431435943e-08
F0,S78,3.751727358543716e-08,4.0912526154128515e-08,3.255424818055634e-08,7.859847372325237e-08,5.3132546636342936e-08,9.028768065768458e-08,2.1856936237432905e-08
F0,S79,1.6477643714504308e-07,3.897032020004911e-08,6.996105685342461e-08,1.7505651474572208e-07,1.6223409905927686e-07,1.4115694504746236e-07,5.0917829346968956e-08
F0,S80,4.464782042048196e-08,1.5444310717537947e-08,4.3802127030907996e-08,8.162628157300578e-08,6.520028309346149e-08,6.778838329449653e-08,2.4216227272300528e-08
F0,S81,8.732573677966914e-08,2.1773184747153864e-08,5.008636641962307e-08,2.191175504223604e-07,1.3084065414853198e-07,1.5838894438680174e-07,4.2203637210017265e-08
F0,S82,85.03678244421246,2.9784170457655493e-08,3.359302704864226e-07,54.466142870927946,63.86871175472174,1.3942143884085256e-07,226.784986950293
F0,S83,1.0078561890636766e-07,3.4617880644099637e-08,5.060799505419214e-08,1.13671309400984e-07,1.1430142186822688e-07,1.9838055608419458e-07,2.9519587988936952e-08
F0,S84,8.091382095741745e-08,1.7559929901668204e-08,4.0334784631043e-08,1.5369093567518677e-07,1.0225268601625356e-07,1.1568575646851282e-07,3.299484579527155e-08
F0,S85,1.2723746330669517e-07,7.86398850290578e-08,6.484410355510353e-08,1.1323771083102834e-07,1.7610980042130373e-07,2.818350879618935e-07,3.42070658495745e-08
F0,S86,2.673316854811908e-08,1.6625018133476343e-08,4.1566068955020845e-08,7.280452321876395e-08,5.658386307691533e-08,5.080199069631347e-08,2.6417055181190524e-08
F0,S87,1.6573373901004817e-07,6.44496886058896e-08,339.6025681230746,1.4330477592664735e-07,228.4683307717113,2.0414784414241355e-07,69.12413810935918
F0,S88,3.354088694315216e-08,2.1525155419820487e-08,4.1949119853661975e-08,9.845832211041274e-08,6.443581985085015e-08,6.426467128259711e-08,3.3387793973442746e-08
F0,S89,4.6847826029315295e-08,1.7109023759818235e-08,3.9032159227287795e-08,1.6112973588996532e-07,6.747932963898303e-08,6.351250976613986e-08,3.63959909762527e-08
F0,S90,2.7585269522565368e-08,1.8214909654546833e-08,3.298566857635229e-08,6.470979483757865e-08,4.850506299523329e-08,5.503019749446866e-08,1.9164090450932506e-08
F0,S91,6.345188617047168e-08,1.6507726071108727e-08,3.690396567420283e-08,1.3390780695850332e-07,9.150161016312541e-08,1.0991656122492423e-07,3.153020874411052e-08
F0,S92,4.761810398995137e-08,1.9185482898370897e-08,4.560938642279895e-08,1.1334259579268502e-07,6.459315684831775e-08,6.246386699146759e-08,3.515871814992167e-08
F0,S93,2.7068092928609014e-08,1.8179340581360656e-08,3.25495850613304e-08,6.642923223405449e-08,4.860635800645325e-08,5.528539804751115e-08,2.4335344934354804e-08
F0,S94,8.216852236795348e-08,5.3828620073498045e-08,35.11610487318277,69.17841231157911,1.548125882269795e-06,1.8483599585401338e-07,137.00285014843993
F0,S95,3.078239769187677e-08,1.4932218758066384e-08,3.165218318462781e-08,8.901953725466067e-08,5.035441129760866e-08,5.240331728233868e-08,2.889020632335399e-08
F0,S96,5.664744024727608e-08,1.8157763736125874e-08,4.3270485499923374e-08,2.7743669905186236e-07,8.733460717168305e-08,8.333553288038183e-08,4.501561859966362e-08
F0,S97,4.6910817400659535e-08,4.6269303023556816e-08,3.968536624057073e-08,6.708251847180229e-08,6.982184187598254e-08,1.206325236305127e-07,2.312080252810101e-08
F0,S98,3.0260422579773714e-08,2.3415824518363358e-08,7.003234732199495e-08,6.042573675830982e-08,7.762250285815421e-08,6.332639188883786e-08,2.7986060174086833e-08
F0,S99,3.048287431703897e-08,1.7501654621144423e-08,4.804888765847154e-08,8.162341252418798e-08,7.148514983626522e-08,6.091922945642443e-08,4.1200964511342674e-08
F1,S100,3.0798296963532394e-08,1.699241083704549e-08,3.1304906294777185e-08,7.009502427878887e-08,4.838824249555585e-08,5.626267669214897e-08,2.333908918221028e-08
F1,S101,2.1824735441471415e-08,1.3707689857157265e-08,2.6826367269078193e-08,5.2685095752674475e-08,3.946303597737435e-08,4.134233374534903e-08,1.7547871818994702e-08
F1,S102,121.06360610417283,4.9032543986087894e-08,8.21392805104169e-08,2.705363174589844e-06,1.8114576304525076,106.173353378488,1.2131936326950296e-07
F1,S103,4.241369190358944e-08,6.041144175486569e-08,19.000357977272554,6.515932676493609e-08,3.5398209405371536e-07,1.0801793326368566e-07,5.4195381990664604e-08
F1,S104,3.1731982437210723e-08,2.502158398853088e-08,3.0590290185269e-08,5.525082635388773e-08,5.0514489209490715e-08,6.394365644666745e-08,1.9632382363741106e-08
F1,S105,4.4872684906158923e-08,3.3778875620021775e-08,4.4058114488373614e-08,9.245378776986107e-08,7.527798214843165e-08,8.349373326338943e-08,3.6356408883889954e-08
F1,S106,1.6870694847907315e-07,2.1315027132890977e-08,4.750991082784744e-08,732.9476572561974,1.1602189860829887e-07,9.103856223605557e-08,84.57562073985355
F1,S107,2.911320371147323e-07,1.8813510162658415e-08,6.368217540579725e-08,2.905154995358161e-07,1.5488065051085486e-07,8.785777894860053e-08,8.24944040872361e-08
F1,S108,3.3644537764443366e-08,1.6955272393144373e-08,3.035167175442917e-08,6.337222931987867e-08,4.790401309673714e-08,5.720097676717896e-08,1.9933961907153793e-08
F1,S109,4.14674594327903e-08,1.7448267166814762e-08,4.327187968255072e-08,6.529242626115034e-08,5.999610986518935e-08,6.207595611535883e-08,2.379747430249888e-08
F1,S110,4.659819901341457e-08,2.855129521515221e-08,6.250083691164878e-08,1.2897153120618134e-07,1.0306694770291156e-07,7.94053526656595e-08,5.587516837872699e-08
F1,S111,4.8020566241606756e-08,8.798296000910085e-07,1.1083322109882779e-07,7.115454621734201e-08,1.7417522116231914e-07,1.6418494567647362e-07,4.216250270311483e-08
F1,S112,8.808619494403772e-08,3.4990443900284046e-08,4.926270105824001e-08,1.6509099794894151e-07,8.734743020358378e-08,1.091735440197698e-07,4.99645910363348e-08
F1,S113,2.6932585290540596e-08,1.494198942982746e-08,2.7701539690753778e-08,6.47040506638577e-08,4.4019134092630234e-08,4.854170251515453e-08,2.17258185638487e-08
F1,S114,7.720525924816862e-08,2.0112567332797244e-08,3.7332174408420635e-08,1.6196826689705654e-07,8.079688566392658e-08,7.842166304516424e-08,5.8532724188632553e-08
F1,S115,4.873941211016642e-08,2.5340058509527924e-08,1.8530992189132828e-07,1.1864335119860661e-07,2.2261068609429087e-07,7.783837465134167e-08,12.918536909670145
F1,S116,3.073918107809143e-08,1.963464350752316e-08,4.255599001887433e-08,9.553284330538142e-08,6.03950521119837e-08,5.805594641803618e-08,2.58088651844895e-08
F1,S117,3.4144958181542466e-08,1.6766813574179058e-08,3.156214792909199e-08,7.96743251235541e-08,5.3761047011711586e-08,5.921677299161343e-08,2.4837038636925232e-08
F1,S118,3.377049497929209e-08,3.056457304284876e-08,3.384656747119937e-08,5.811414492905097e-08,5.4996545478508106e-08,7.710290235882492e-08,1.849796638810958e-08
F1,S119,1.1104553454248817e-07,3.204480607792937e-08,7.76057820961427e-08,1.1496028120980295e-07,1.0745112885458474e-07,9.839722720393044e-08,3.940042715218069e-08
F1,S120,4.530707431361085e-08,2.0414910156801368e-08,7.577509245395765e-08,1.3221904184928745e-07,9.667592114810807e-08,7.769125585627514e-08,7.907118939431016e-08
F1,S121,3.624847373450474e-08,1.738944065196745e-08,3.5656020795247475e-08,8.736862096004677e-08,5.4433314607468024e-08,5.992490266440066e-08,2.7990568811997703e-08
F1,S122,2.6361120383602606e-08,1.652530105545626e-08,3.6872880339486454e-08,7.259182250894026e-08,4.9803324930100764e-08,5.139669474172787e-08,2.635382160237542e-08
F1,S123,3.3541572707894636e-08,2.0861293837271764e-08,3.430525647524494e-08,7.719180789608412e-08,5.4859582688573725e-08,6.15574827841576e-08,2.8278423669829555e-08
F1,S124,106.57213641935081,4.670650694245974e-08,7.778692214242863e-08,4.311217516173168e-07,4.484184708891482e-06,65.06821664258162,7.33909015537189e-08
F1,S125,3.7588529221994715e-08,2.5743998525950135e-08,3.6941705233768947e-08,6.798661147530968e-08,6.122395869476268e-08,7.528281594981149e-08,2.2798363411547554e-08
F1,S126,3.510111236300154e-08,3.362014808323182e-08,3.293169430593233e-08,5.598423575320739e-08,5.5966847630294304e-08,8.224376343339558e-08,1.7683577352441438e-08
F1,S127,5.956597980638444e-08,2.3248106388197203e-08,3.4203904062723077e-08,1.0980260740009358e-07,5.371556653911448e-08,6.756942254783183e-08,3.3134942628140906e-08
F1,S128,5.517337894931616e-08,2.7873891056003867e-08,4.7549318701868196e-08,1.3697215308994814e-07,7.67770244697226e-08,8.770470342469857e-08,4.6141297191007916e-08
F1,S129,5.500078516386555e-08,6.601486243801383e-08,1.0592528032315562e-07,3.149973655188115e-07,9.676455997817858e-08,2.0160273545731854e-07,1.203094896846442e-07
F1,S130,3.044423432889858e-08,1.5398790176367017e-08,3.407138616435185e-08,7.799066405248159e-08,5.828533174454772e-08,5.269534223188812e-08,2.229440795849425e-08
F1,S131,4.8932797886045125e-08,1.859925664835396e-08,4.6287371133658105e-08,9.238876117909648e-08,9.808790807950533e-08,7.862367579085397e-08,2.7287205907423694e-08
F1,S132,5.0108108729476106e-08,2.1882749687379265e-08,4.292706411664725e-08,1.1099823004124197e-07,8.095423855667811e-08,7.832860993870547e-08,3.7689379768026895e-08
F1,S133,3.7214723563162634e-08,1.7295895570003034e-08,3.2243571851478705e-08,6.675633424622103e-08,5.603425469119857e-08,6.30461000967481e-08,2.1923555933616846e-08
F1,S134,5.138095202583812e-08,2.0710045270020517e-08,3.872620004279958e-08,1.2966945688316693e-07,7.739005083009602e-08,8.523723785284257e-08,3.4958818125074424e-08
F1,S135,5.522730211322385e-08,1.9867294024650792e-08,5.319772236905342e-08,1.4075917042105746e-07,8.528948513267492e-08,7.402705977240244e-08,5.458187384288311e-08
F1,S136,4.639729424452138e-08,2.321443916367716e-08,4.357535028704787e-08,7.395773567762943e-08,7.594978543384534e-08,9.441926510428139e-08,2.5793101971913778e-08
F1,S137,4.741973802764691e-08,1.985036092895054e-08,4.1943251899730034e-08,1.0520681818145028e-07,6.484727316826423e-08,7.861055359545013e-08,3.372904835303565e-08
F1,S138,4.707624367062237e-08,3.268925165163728e-08,1.7448951229307292e-07,7.158986478929913e-08,1.4899195117868882e-07,9.750559601110736e-08,4.5618248091421005e-08
F1,S139,3.3088099050582035e-08,2.9305108618583557e-08,3.462531244447511e-08,8.324273978531445e-08,6.03400383561868e-08,7.281025339102472e-08,2.49952622866217e-08
F1,S140,2.5366799831411903e-08,1.4137641491737939e-08,2.7773852939535708e-08,5.6775833422894296e-08,4.0983918857318626e-08,4.3077353013133616e-08,1.8532308066220668e-08
F1,S141,4.986793723599213e-08,5.154666946549651e-08,5.0401872390920795e-08,9.11118776346783e-08,8.057809010964465e-08,1.2229786329557475e-07,3.0305647949097496e-08
F1,S142,4.348694762501083e-08,1.705947129678846e-08,6.123136446131027e-08,9.208562321339254e-08,8.431346442071161e-08,6.440264096187027e-08,4.049877611704218e-08
F1,S143,3.870585537246498e-08,2.7155729376136347e-08,5.830749142588451e-08,7.924046906925124e-08,9.891543308328337e-08,8.512957715337212e-08,3.367059898567728e-08
F1,S144,1.450750883984346e-07,2.6446239530068263e-08,7.284959204789497e-08,8.836628784087247e-07,9.370863492650611e-08,1.0142446335179357e-07,1.9531027122450364e-07
F1,S145,2.7490895064956784e-08,1.4176111963002559e-08,3.001578958990152e-08,7.132919810713984e-08,4.6111268830434133e-08,4.658203347990875e-08,2.3087190735731277e-08
F1,S146,5.472600415928047e-08,2.4981298487528027e-08,2.2726820182229734e-07,1.2864141908663273e-07,1.853385378854229e-07,8.52413698781256e-08,5.3749047133047315e-08
F1,S147,3.738626483007989e-08,3.706266519508883e-08,3.7796423303157826e-08,6.942001621968166e-08,6.534855579181673e-08,8.931365196816265e-08,2.1932987733238095e-08
F1,S148,6.089864945531805e-08,4.6318628698090204e-08,415.5293996002772,1.416991436041232e-07,109.10536406373969,1.1198304646096916e-07,365.3882677150494
F1,S149,2.2564714031466766e-08,1.3841574640136267e-08,2.4263052185932643e-08,5.2801999455610157e-08,3.7735530205409755e-08,4.438320119971411e-08,1.6802178242169907e-08
F1,S150,3.2147268711875416e-07,2.1406107995403408e-08,5.1420510820362735e-08,3.97768810292008e-07,9.603376382712222e-08,1.0274218358417629e-07,1.0002288690391815e-07
F1,S151,2.9058563583904325e-08,1.645441648317786e-08,3.7021297809550445e-08,6.737800991524765e-08,5.5522156704579716e-08,5.2849138159643353e-08,2.3345087357346233e-08
F1,S152,4.16854255065732e-08,2.2858657526496102e-08,3.2364355315723764e-08,8.061403895562353e-08,6.19792867540499e-08,7.570588603731146e-08,2.483151609100966e-08
F1,S153,6.367046515451468e-08,1.930649265451204e-08,4.121911060468439e-08,2.5854088047534954e-07,7.870257598164303e-08,8.260660112397337e-08,7.554612762575674e-08
F1,S154,8.692866829994053e-08,2.656113956625384e-08,4.4389742632349654e-08,1.3231222392967823e-07,1.180160164656175e-07,2.0667786233013807e-07,3.058618328324957e-08
F1,S155,4.843123633826768e-08,2.7247241552705356e-08,3.8361137043845075e-08,6.990479338330383e-08,7.133680686964188e-08,9.721692707820507e-08,2.1173230974113212e-08
F1,S156,3.639925981975545e-08,1.9162152382759838e-08,3.765255638110382e-08,7.709420493313348e-08,6.270319632089237e-08,6.660273382119161e-08,2.589467224832686e-08
F1,S157,2.5836470167119863e-08,1.8263828498066446e-08,2.906363483423321e-08,5.604956439021158e-08,4.3875852319060266e-08,5.2473107489903264e-08,1.8115161440236605e-08
F1,S158,8.165137815632102e-08,1.0875108185583148e-07,8.109030374042295e-08,1.8051364564370434e-07,1.1847085021082436e-07,3.4545225302753596e-07,4.829145997519771e-08
F1,S159,6.689273663405645e-08,1.4908879836345803e-08,3.678432437877167e-08,1.3598293397092375e-07,7.157479961789681e-08,6.48469591327045e-08,4.46765441146196e-08
F1,S160,2.5545639678530288e-08,1.8767023180961058e-08,2.915892081417185e-08,6.71540585650586e-08,4.215941033326713e-08,5.263207954343195e-08,2.1042947281576765e-08
F1,S161,9.317500477048274e-08,2.426756660383816e-08,7.030516491832406e-08,2.4002559844495087e-06,1.1469193456361143e-07,1.4248845261082e-07,1.4291122754977272e-07
F1,S162,1.5968421572910581e-06,123.87539898990822,8.598603593557181e-08,1.426495436555792e-07,2.659047860029903e-07,81.6234606859347,5.394683110543679e-08
F1,S163,3.40610726094121e-08,1.8726223249266864e-08,3.6762516545169735e-08,9.245757445387789e-08,6.175494471269391e-08,6.381898420840913e-08,2.5862415808383406e-08
F1,S164,3.12857958842185e-08,2.2913417386511932e-08,3.079714503352696e-08,6.680059838872321e-08,5.12000732043387e-08,6.157918061123355e-08,2.248588369324795e-08
F1,S165,4.256772254857891e-08,2.423583117868342e-08,2.8180177616873503e-07,7.196406978166998e-08,1.6681799167320297e-07,8.345110619562459e-08,5.3254931652769995e-08
F1,S166,4.8326512207324274e-08,3.8622895193689645e-08,1.4571639107600556e-07,1.183617421183439e-07,1.7404723241856574e-07,1.1973944722320175e-07,5.180860217307343e-08
F1,S167,3.607929279050225e-08,1.5015801697913415e-08,3.4547744543997736e-08,7.839879300549265e-08,5.538557120490761e-08,5.590498711428231e-08,2.442949055775891e-08
F1,S168,5.7610018179519246e-08,7.773059287422621e-08,4.133828754583637e-08,7.486084109042618e-08,8.508064078619815e-08,1.5615592505937093e-07,2.2265565735718808e-08
F1,S169,2.5141997132847794e-08,1.4223322126519584e-08,2.8562835831403147e-08,5.5972549699431566e-08,4.1572637327741285e-08,4.552573833605359e-08,1.8418952092845805e-08
F1,S170,6.292303326587482e-08,2.3138903130781107e-07,8.516623747801142e-08,9.989952543442054e-08,1.6670984827361448e-07,1.9289807573694465e-07,3.2012410992036955e-08
F1,S171,3.904475146456939e-08,1.965739153786403e-08,3.7442372708684844e-08,1.0699880671353154e-07,6.69807628692926e-08,6.394858526691476e-08,3.297165612516368e-08
F1,S172,2.7816253705611268e-08,2.7975080003120304e-08,3.194288634078137e-08,6.649289419871076e-08,4.936457411423002e-08,6.510824601062935e-08,2.1836411669215813e-08
F1,S173,12.101554277509155,22.407578620512457,1.3588824836389746e-07,4.943064318643403e-07,22.320492929545214,11.549520183906967,5.2642357114375237e-08
F1,S174,8.77791679678041e-08,3.497836329203087e-08,4.368588395555754e-08,1.0300485913396229e-07,8.395820074211983e-08,9.689961157929085e-08,3.498852337695106e-08
F1,S175,9.00810132734151e-08,2.845669001290646e-08,2.126779961299551e-07,1.1919299765832273e-07,2.670225397977718e-07,9.60129244528463e-08,9.538023535258113e-08
F1,S176,4.381281218891258e-08,1.8455198749608216e-08,3.3309057565399375e-08,9.13849662218961e-08,5.661849402997658e-08,7.189894808632807e-08,2.6801932675647886e-08
F1,S177,3.247404879789745e-08,2.4689664774099635e-08,4.884486504009641e-08,7.353193721031214e-08,7.020841830701794e-08,6.565586391277002e-08,2.7291941190686785e-08
F1,S178,3.736327364716871e-08,1.7816931327463614e-08,4.007066604734327e-08,6.70781134047964e-08,5.830279276603379e-08,6.462332767828562e-08,2.2050235187755187e-08
F1,S179,3.6341955816803206e-08,1.5910233090321098e-08,3.7614432554658794e-08,8.168952166191667e-08,6.110591866989656e-08,5.183422921133987e-08,2.6467035343603606e-08
F1,S180,5.252095443210752e-08,2.756920389839149e-08,3.792720434526261e-08,8.189001969896779e-08,5.768551398298335e-08,7.726103110958869e-08,2.5056917019766795e-08
F1,S181,3.4398671409455264e-08,2.81446956108414e-08,3.682054739639512e-08,6.435553677289666e-08,6.390360895725396e-08,7.241032622103808e-08,2.1846673441567194e-08
F1,S182,5.800238655239633e-08,2.2196764728633138e-08,5.307016601998097e-08,5.080800135950691e-07,8.926543401846765e-08,8.383092366658461e-08,1.3277308042666065e-07
F1,S183,66.15918064715164,4.127160496206384e-08,18.0686381066689,3.587368739746063e-07,70.9487125947121,6.349935768261824e-07,29.720653265171993
F1,S184,4.262674267575548e-08,2.4175996425680573e-08,7.49316810047786e-08,9.833420903660265e-08,9.991074486833975e-08,7.484018069042972e-08,4.131604365818037e-08
F1,S185,3.2183695816000325e-08,2.079788488156959e-08,3.9157537022570675e-08,9.815811955874616e-08,5.696936455998267e-08,6.370447478966093e-08,3.449900878001301e-08
F1,S186,4.608738301758543e-08,1.6735988906720813e-08,3.909571363381243e-08,8.628393021207658e-08,7.677480103079116e-08,8.20725371649758e-08,2.6921651676106244e-08
F1,S187,2.470779265547555e-08,1.4301431593068748e-08,3.2180221703673536e-08,5.882290400916796e-08,4.655303145684267e-08,4.481179147169613e-08,1.9622193275121506e-08
F1,S188,3.208772301821307e-08,1.835507649573432e-08,3.266900089816623e-08,7.9074831712266e-08,5.321462576235761e-08,5.5078206356264617e-08,2.5134942070710206e-08
F1,S189,3.82642486630726e-08,2.594194311876611e-08,3.757603793502475e-08,7.216744723051485e-08,6.453589968576859e-08,7.36313950487043e-08,2.5598002118045515e-08
F1,S190,2.7620628742405575e-08,2.4642604662565127e-08,3.3257523648824944e-08,6.538577310120848e-08,4.7963972583430606e-08,6.230928791316982e-08,2.3833102840548707e-08
F1,S191,4.7452875204706765e-08,1.8236302073139676e-08,1.0317012617199793e-07,7.644623941551082e-08,1.209167133150021e-07,7.02213964070136e-08,3.174028842337725e-08
F1,S192,6.989006905036928e-08,1.903295557499761e-08,7.592519750493116e-08,1.2516687399405472e-07,1.2793007020503173e-07,8.119221768109933e-08,6.156049548342392e-08
F1,S193,8.277856512867472e-08,4.0464312367524364e-08,1.4658995445648224e-07,1.9840158032892726e-07,3.407419331353579e-07,1.5070593161648494e-07,6.242322291887795e-08
F1,S194,13.362683736175978,2.455538474018873e-08,9.956933914406475e-08,1.0778746488114178e-06,1.9021936115907385e-07,1.0190050353135468e-07,2.607634454002591e-07
F1,S195,3.406523007957785e-08,1.4762583271091691e-08,3.20270891896734e-08,7.968939403392571e-08,4.9225960720840444e-08,5.0647848464703274e-08,2.6872048584008e-08
F1,S196,3.699829217692483e-08,2.5151614923913233e-08,4.4411913683527136e-08,8.55851826202423e-08,7.020577996113139e-08,7.49755113123641e-08,2.7190384313884328e-08
F1,S197,3.311752766620959e-08,1.8878729916794974e-08,4.356343423573692e-08,7.520659806108848e-08,6.153000524094641e-08,6.113592155518738e-08,2.5927637698280868e-08
F1,S198,2.992001752680256e-08,2.0976400005607977e-08,2.9569353439174465e-08,6.906134903751921e-08,5.112703958504107e-08,6.247017831776674e-08,2.0998524218547317e-08
F1,S199,3.367536731489169e-08,2.0146586826496324e-08,4.4458324804005186e-08,8.073952983033419e-08,6.381420747928912e-08,6.247261618880602e-08,3.492867354940354e-08
