,,W0,W1,W2,W3,W4,W5,W6
F0,S0,3.066022119040512e-08,5.1178424023362254e-08,3.679391386380961e-08,4.909618110075132e-08,5.152463741133723e-08,2.1158935405473785e-08,7.034207286486793e-08
F0,S1,3.983670277411178e-08,3.635828058362746e-07,5.600909161557531e-08,5.608043834854016e-08,8.353388688854466e-08,8.256619229209958e-08,9.919641809273962e-08
F0,S2,3.423741832864576e-08,5.583467993015034e-08,4.193432270758323e-08,5.313187645021018e-08,5.9279143592075256e-08,2.3861535102020972e-08,7.777067717119652e-08
F0,S3,4.6704505949476836e-08,5.627669832954685e-08,5.9004785899636114e-08,7.53425032303059e-08,8.384213949968962e-08,2.8113077810399354e-08,1.0717459174450029e-07
F0,S4,3.7018526721210706e-08,6.133112098476121e-08,4.751260397237274e-08,6.288414216427736e-08,6.214633542101547e-08,2.4621147779914576e-08,8.878237496029541e-08
F0,S5,3.423860105325104e-08,5.060255121603553e-08,4.2126899913041485e-08,5.050871032123241e-08,6.689959449051599e-08,2.1425162524191945e-08,7.671154759493145e-08
F0,S6,2.994274421795202e-08,5.077644506409204e-08,4.032282902806575e-08,4.8662020521977564e-08,5.469544819480706e-08,2.1764625019120935e-08,7.258164921148922e-08
F0,S7,3.2815751644888896e-08,7.674923254421162e-08,4.4063306575139e-08,4.944262126161191e-08,5.659446288916919e-08,2.6466017384395283e-08,7.486614033327203e-08
F0,S8,4.60015467984419e-08,4.712752627666752e-08,8.624428713016502e-08,7.564849812497252e-08,1.0555994245531125e-07,2.4773570988666775e-08,1.265875790453574e-07
F0,S9,5.2327868974324676e-08,7.827346870401589e-08,6.670981900467626e-08,7.538984953092086e-08,2.845248987653568e-07,3.3973473494786035e-08,1.5410224470013078e-07
F0,S10,4.097989552463305e-08,9.171216264969374e-08,6.364224100822982e-08,6.640270891678012e-08,9.186141383809668e-08,3.281292810809247e-08,1.213083076038329e-07
F0,S11,5.429773689765503e-08,5.288343323078249e-08,4.602687034227113e-08,6.52388600594386e-08,9.475082018191232e-08,2.9701488959295246e-08,9.571675419572614e-08
F0,S12,3.313651344238772e-08,4.8264315549773205e-08,3.7001037672454e-08,5.031670076049784e-08,5.7020959976884086e-08,2.1245477067728727e-08,7.430029509078104e-08
F0,S13,3.5271943651661315e-08,5.6682557860646414e-08,6.661635384467529e-08,6.234464753256321e-08,7.431910162152656e-08,2.337507184837535e-08,1.0747436398016197e-07
F0,S14,7.404283581496373e-08,6.04515933362999e-08,5.612551491473538e-08,7.754336333184982e-08,1.704935594383099e-07,4.0401187097191415e-08,1.1594132861605727e-07
F0,S15,3.385812148422894e-08,4.4788418101334044e-08,3.62667169297897e-08,4.853226775015853e-08,5.67599760544248e-08,2.0829871437469608e-08,7.114324670725137e-08
F0,S16,2.9576714546684146e-08,5.277949114136784e-08,3.673538817936733e-08,4.947461253362158e-08,4.7037725953501107e-08,2.0191327059284597e-08,7.152421760268621e-08
F0,S17,3.616277327637934e-08,6.450571011941056e-08,4.0630732672838e-08,6.061681896007837e-08,5.2876058430500196e-08,2.5274098913126687e-08,8.08594024826554e-08
F0,S18,3.7936816660332544e-08,7.718729272452874e-08,4.5702802189881724e-08,5.637271744464906e-08,7.063060684890292e-08,2.6769773920755927e-08,8.568342112497744e-08
F0,S19,5.4851033691769737e-08,6.850185633552507e-08,5.050574801427267e-08,9.517487598336446e-08,8.133490387340986e-08,3.352963391523332e-08,1.1498584446905328e-07
F0,S20,3.1909564527886496e-08,4.595993717553091e-08,3.684621967645759e-08,5.694137075677164e-08,5.127165539750568e-08,1.9992047823154926e-08,7.635910372160697e-08
F0,S21,4.2242978714098276e-08,6.217090715800121e-08,5.960083769336277e-08,6.248695961457246e-08,1.356680833059957e-07,2.938272787162136e-08,1.1743519971256272e-07
F0,S22,6.786123803894485e-08,4.9287575473430396e-08,4.372604079045022e-08,7.888396412225627e-08,8.078432186815561e-08,3.4965314015540053e-08,8.946189072981278e-08
F0,S23,3.335313968493969e-08,5.627007168636835e-08,4.7988513155161964e-08,5.321185592522558e-08,9.471106655370011e-08,2.1279079576879607e-08,9.426391326547233e-08
F0,S24,3.698812788239214e-08,7.678309773055045e-08,4.685072966112635e-08,6.673524350851188e-08,6.635753897887161e-08,2.4199138429302015e-08,9.676170636917e-08
F0,S25,3.7812159317743045e-08,5.843763851675641e-08,4.3656933293722035e-08,5.9084916013570926e-08,6.219965143131121e-08,2.5900910145636518e-08,8.667799424193287e-08
F0,S26,4.745284091244435e-08,6.093971849494444e-08,5.371140743153681e-08,8.159544097378426e-08,8.499283198106448e-08,2.8105757069171975e-08,1.1090080216992057e-07
F0,S27,4.010003340418546e-08,6.342141535055747e-08,4.847431765543276e-08,5.445075200719517e-08,7.612728817514719e-08,3.038413718728873e-08,8.973176892773922e-08
F0,S28,2.407570727758075e-07,7.992515263951288e-08,8.391483038016292e-08,1.1833540558943347e-07,2.537198312128776e-07,7.593143135428011e-08,1.580280474036874e-07
F0,S29,4.37020657983479e-08,5.5252288749100106e-08,4.786512819379866e-08,5.095911028298956e-08,1.3094843836292873e-07,2.735898703825822e-08,9.139486216525148e-08
F0,S30,8.393219559404616e-08,5.169608554395691e-08,4.773636507154273e-08,1.349317906633568e-07,8.242813857158903e-08,2.983667255281003e-08,1.2351452901851737e-07
F0,S31,49.74601014590199,1.4393250519170727e-07,1.1103299343793304e-07,2.956113806222219e-07,2.9134843779492826e-06,238.84534419398085,2.5114141417204706e-07
F0,S32,2.8578786601813503e-08,5.694531188060416e-08,4.247781154024587e-08,4.862386509908966e-08,5.5698253006385786e-08,2.044370064102054e-08,8.018443273305495e-08
F0,S33,2.6939858283586058e-08,5.671779351701728e-08,3.4804128259854044e-08,4.254845578084769e-08,4.721010710898935e-08,2.2286582660697043e-08,6.237226098604565e-08
F0,S34,5.1834833353224733e-08,1.0698019713732627e-07,6.877079762864656e-08,6.664151530186781e-08,1.8486894023623458e-07,4.0784650981588695e-08,1.651945968483393e-07
F0,S35,2.99142143095577e-08,5.7337576959679254e-08,3.78451496573678e-08,4.7288118342142294e-08,5.1907280168938094e-08,2.2945082844551575e-08,6.924045815368387e-08
F0,S36,3.396922699068055e-08,6.463824069059333e-08,4.389406106103372e-08,5.462785098356304e-08,6.252388576485196e-08,2.2162759985221556e-08,8.149295442222002e-08
F0,S37,7.721490947933684e-08,7.979035169849834e-08,5.467797431921632e-08,5.975769776079681e-08,1.1230786105213923e-07,5.0785080251900717e-08,1.0839251772284747e-07
F0,S38,3.941881105698701e-08,5.155018608232084e-08,4.990496257775793e-08,5.89326048337644e-08,8.144673233330661e-08,2.4274855687860598e-08,9.069674247543873e-08
F0,S39,4.094257572871959e-08,1.0585237747487055e-07,4.5341705104595194e-08,6.30412704099104e-08,6.281352573590821e-08,3.790839687064071e-08,8.293178770490819e-08
F0,S40,4.4925964343875885e-08,6.1484669868452e-08,4.844703830511491e-08,6.573494564449252e-08,7.107256559721033e-08,2.9531775168370232e-08,1.0337730995360568e-07
F0,S41,4.726050961390019e-08,7.6664810285478e-08,6.111020319431803e-08,8.280997479522894e-08,9.113182875927619e-08,3.4376116470746806e-08,1.2565959287967104e-07
F0,S42,5.749606540407447e-08,5.322514156940682e-08,4.068613069588748e-08,7.247430953023007e-08,7.270431965012363e-08,3.344127026918806e-08,8.370665458889115e-08
F0,S43,2.9572027096789837e-08,4.6321473709220075e-08,3.858098371483697e-08,4.6474877827694267e-08,5.372274948587524e-08,2.0068697622689106e-08,6.912927113011855e-08
F0,S44,3.467681828152976e-08,1.0754102489086291e-07,4.711418745374258e-08,5.678426150466248e-08,5.978661369202875e-08,3.803190925334991e-08,8.826188573824185e-08
F0,S45,3.923331099068817e-08,5.953876948830739e-08,4.314078970457177e-08,7.729546621862605e-08,6.103643306653599e-08,2.5918884698047523e-08,9.895228127147136e-08
F0,S46,4.367387134788577e-08,6.209951714139087e-08,5.212249529873581e-08,7.44238853846378e-08,7.390896988839011e-08,2.8588365088135388e-08,1.101894473012238e-07
F0,S47,3.579625882745589e-08,1.6518663845387103e-07,1.1577498920558902e-07,1.039381635258248e-07,7.230251635085607e-08,3.323878863465263e-08,2.611312284859646e-07
F0,S48,3.055964198405638e-08,5.433600842491635e-08,3.7343345834821955e-08,5.002304829702404e-08,4.9332199123872555e-08,2.1958344524480883e-08,7.032441758882125e-08
F0,S49,3.9181132260557043e-08,5.27578948971264e-08,4.234507194740498e-08,5.774265567321235e-08,6.347676040651815e-08,2.2967566809694754e-08,8.429516921964777e-08
F0,S50,4.1540852879902346e-08,5.2148449491689185e-08,4.86293857979813e-08,5.7060974163936426e-08,9.076120204354553e-08,2.2893416787930845e-08,8.91260119635279e-08
F0,S51,3.446308963254004e-08,4.597428258717552e-08,3.9337400426978633e-08,4.949583135343481e-08,5.897157321528106e-08,2.2112734258283853e-08,7.106898299621436e-08
F0,S52,4.7547326180265565e-08,5.225748509698244e-08,4.145879154478699e-08,8.224663429512985e-08,6.122131696430836e-08,2.485906315775822e-08,9.787632118968528e-08
F0,S53,3.662724476210096e-08,4.5715465644710064e-08,3.655706264132334e-08,7.01770259735807e-08,5.0108135285089665e-08,1.9706982511467686e-08,8.452298439619655e-08
F0,S54,3.1177296192105786e-08,4.433947952804792e-08,3.6420004136237976e-08,4.865908040946905e-08,5.3682513181712203e-08,1.924225260955617e-08,7.069668490473813e-08
F0,S55,3.8955939663040866e-08,6.099089001097058e-08,4.384777136842669e-08,6.54704301376853e-08,5.902206199350733e-08,2.3756889317437065e-08,8.96128221316457e-08
F0,S56,6.515451961838067e-08,6.06431808871129e-08,6.95555960321718e-08,8.581517380606085e-08,1.346262507134439e-07,4.118487646792218e-08,1.1846582900598061e-07
F0,S57,4.8400107909047877e-08,9.103898312394734e-08,5.798799703830472e-08,8.810971695500403e-08,1.0935907011376536e-07,4.0261077174857253e-08,1.2963782655140912e-07
F0,S58,3.3628928932004506e-08,4.9858990793110704e-08,4.1870325633456486e-08,5.241065469517772e-08,5.922209040633532e-08,2.2416798854694304e-08,7.87207245079178e-08
F0,S59,4.002741689031016e-08,6.850494956854513e-08,4.8158205106853295e-08,5.540344104068919e-08,7.218577576618753e-08,2.78543857347808e-08,9.175186262401214e-08
F0,S60,3.637883030000615e-08,6.57079403689791e-08,4.251749131180165e-08,5.4103478467395194e-08,5.69237856258e-08,2.594464479435747e-08,8.194658978329728e-08
F0,S61,2.9426581056366292e-08,6.358446787308798e-08,4.0561990768723494e-08,4.912497183984166e-08,5.380812278770366e-08,2.3698397831123874e-08,7.601184692717054e-08
F0,S62,4.608623227928693e-08,5.959491333737229e-08,4.491358418260288e-08,6.960976924519451e-08,7.108120813492075e-08,2.8811285009224567e-08,9.146387431273769e-08
F0,S63,3.511272465810258e-08,6.399089787483089e-08,4.465597680983837e-08,5.7006727528687384e-08,5.8499030098213526e-08,2.401978853175052e-08,8.37685754916041e-08
F0,S64,4.731215508119653e-08,5.951771960167571e-08,4.659296107459799e-08,6.176571687285427e-08,7.961887528818442e-08,2.8445641068955334e-08,9.293985119849091e-08
F0,S65,3.092340395868467e-08,5.661089471555595e-08,4.3361093764756356e-08,4.8570449221939e-08,6.634817768982154e-08,2.0509835766222583e-08,7.991969352303514e-08
F0,S66,4.032152220794519e-08,7.502585770561461e-08,5.2210904359433315e-08,6.541746393407515e-08,6.901196563734404e-08,2.9529886280083187e-08,9.660240303314785e-08
F0,S67,3.4293764633931244e-08,5.812613037519453e-08,4.2227483629535814e-08,5.811073827334636e-08,5.510875234343405e-08,2.330054192351094e-08,8.138507390856789e-08
F0,S68,3.412311109848769e-08,5.061714470679319e-08,4.3417398867335896e-08,5.4189658791011294e-08,6.231360844737273e-08,2.1362539651599705e-08,8.157274988949537e-08
F0,S69,4.644288155252382e-08,6.213733954906459e-08,5.842986152687194e-08,5.9529418908495025e-08,8.393946973724472e-08,2.8642035860742878e-08,9.682564119974231e-08
F0,S70,3.947052499351251e-08,5.4724076308708694e-08,4.3275204992637554e-08,5.821941606690398e-08,6.112307383510324e-08,2.4110648923387558e-08,8.52192813773259e-08
F0,S71,3.6120203715914375e-08,5.945181025307941e-08,4.799847355159381e-08,7.112138925947e-08,6.962648817899905e-08,2.3810463600296328e-08,1.0830594342525246e-07
F0,S72,4.0501547018948556e-08,7.687420146308014e-08,4.4085491127031505e-08,6.046095637866057e-08,6.005467003594601e-08,2.999520380306272e-08,8.304240753919643e-08
F0,S73,3.4994554064635814e-08,6.688058034501488e-08,4.9205427961357073e-08,5.795909052987022e-08,5.8640570351589444e-08,2.5122592587505505e-08,9.603237807066021e-08
F0,S74,3.327306477414056e-08,4.94386446746781e-08,4.337242613828565e-08,5.055027830299756e-08,7.59620684345595e-08,2.1217150561479988e-08,8.261908216812278e-08
F0,S75,3.739131188008151e-08,5.467221386623351e-08,4.128710200816675e-08,4.945338463470965e-08,7.017043042663783e-08,2.4627543907351573e-08,7.76148560557464e-08
F0,S76,5.4788422821599595e-08,5.623785365237838e-08,4.2785912806124626e-08,5.812612657085004e-08,7.931683203425096e-08,3.191455564513147e-08,8.304978368547643e-08
F0,S77,4.717885809931546e-08,8.209265065555316e-08,4.096244893668522e-08,5.2500472153717235e-08,7.267113771726645e-08,4.961574734421e-08,7.551262072443846e-08
F0,S78,3.502692781912793e-08,4.998206680654757e-08,3.983119513898251e-08,5.5929790054896335e-08,5.429485706325166e-08,2.2061162442555627e-08,7.792231475562593e-08
F0,S79,6.21754583886592e-08,9.075131716369466e-08,5.121652687056009e-08,8.836017696434795e-08,8.726082416988696e-08,6.341253489050234e-08,1.0457386875196524e-07
F0,S80,3.339542764483388e-08,5.910641911963028e-08,4.276594832365959e-08,5.371316718867591e-08,5.843694302429619e-08,2.2187654544717646e-08,7.862253387662215e-08
F0,S81,3.467385151902323e-08,5.022242782045529e-08,3.8298487643559443e-08,4.804913883616913e-08,5.9065455202423e-08,2.382620420055558e-08,7.018136860774999e-08
F0,S82,3.835374142529547e-08,5.5244419630640374e-08,6.09358267499882e-08,5.714071115592533e-08,7.942433732404057e-08,2.3673717571768792e-08,9.803175421786472e-08
F0,S83,3.116574310216178e-08,5.056707488085023e-08,3.759577693135579e-08,4.66011831155717e-08,5.159889048787405e-08,2.1389899339333303e-08,6.865936200397729e-08
F0,S84,3.086275075826221e-08,6.925347479520491e-08,4.1798132645870196e-08,5.149868981227639e-08,6.147039240087753e-08,2.6457410078641558e-08,7.810336799605682e-08
F0,S85,6.633726032599908e-08,7.516872364082454e-08,6.209908552491296e-08,1.394889437063733e-07,9.780604518168204e-08,3.6736214829437175e-08,1.9014893317884247e-07
F0,S86,2.91438648451478e-08,4.7304585491118434e-08,3.7051659840355734e-08,4.496288422153184e-08,5.268820003164299e-08,1.9239288833699875e-08,6.801274454814931e-08
F0,S87,2.9354163170107488e-08,5.398663627847957e-08,4.209344357489846e-08,4.867819354814597e-08,5.569759222822219e-08,2.168803673039525e-08,7.473544506915188e-08
F0,S88,3.600505984263452e-08,5.3695970300515885e-08,3.8920216186290566e-08,5.565759695751746e-08,5.599889588998697e-08,2.1697138308674913e-08,7.811439654444295e-08
F0,S89,8.578180669703005e-08,6.80132928788204e-08,6.081114721752241e-08,1.032982721361656e-07,1.1070374775643796e-07,4.98434145606895e-08,1.2651938284315455e-07
F0,S90,3.12014681773717e-08,4.681656722067961e-08,3.7887932494311566e-08,5.496575144778427e-08,4.910683244233358e-08,1.9232597013110844e-08,7.692478777247767e-08
F0,S91,3.6591844247586696e-08,6.954523424939292e-08,4.5443253379436326e-08,5.965357170961868e-08,5.756603297775336e-08,2.728324354790897e-08,8.596642465936404e-08
F0,S92,6.981399002646336e-08,6.685928332425234e-08,5.530006007088013e-08,9.672188846152013e-08,1.1166239215739291e-07,3.739875152476267e-08,1.249300349153036e-07
F0,S93,6.410092502684363e-08,7.321688084437251e-08,7.507619195792361e-08,1.449185664825418e-07,1.130687372960958e-07,3.8248604251347075e-08,1.7467599006998235e-07
F0,S94,2.9576198938501044e-08,6.072569550406419e-08,4.434246936710806e-08,5.0549814383300864e-08,5.609538773338642e-08,2.3041144937238853e-08,7.661249175416644e-08
F0,S95,3.0206682200558746e-08,5.5848118643621885e-08,4.1344812841826696e-08,4.632163640033509e-08,6.741941819529567e-08,2.1476098634369353e-08,7.552165022059994e-08
F0,S96,2.8943790625124582e-08,5.4098845191499684e-08,3.701724532749531e-08,4.65160423460754e-08,4.9654125781195974e-08,2.2329954357880474e-08,6.797637264738846e-08
F0,S97,4.960835782447828e-08,8.814186672841785e-08,8.137234545828151e-08,7.713509552992943e-08,1.6257994757919293e-07,4.255343028567262e-08,1.3388348072011398e-07
F0,S98,5.6966322955805125e-08,6.455519804750467e-08,5.439865237476659e-08,7.40668144048239e-08,9.697893045980857e-08,3.934013089814494e-08,9.938691734611453e-08
F0,S99,3.4501196502534975e-08,7.839298097941817e-08,4.087232612122386e-08,4.8772267841946585e-08,6.32342744999148e-08,3.37294811814799e-08,7.307131061135597e-08
F1,S100,3.737121847137534e-08,1.5224662730867434e-07,6.326724526686714e-08,7.44260743689848e-08,6.673981331414133e-08,3.8302484159472e-08,1.320348593046665e-07
F1,S101,3.9451534735068445e-08,4.476020426752712e-08,3.7947226059850105e-08,6.879714495497051e-08,5.624355698587623e-08,2.1359528384237133e-08,8.785957409233174e-08
F1,S102,11.781156858996468,218.10423642767887,2.9601147492390327e-07,40.16181727817117,5.864882803217444e-07,188.6304937576327,22.494408119689066
F1,S103,7.893560069683753e-08,5.697599061567608e-08,6.151705236185149e-08,1.4185276770811618e-07,9.262850706953316e-08,2.7767817788686124e-08,1.731519700160656e-07
F1,S104,7.635780869426095e-08,6.186680766874762e-08,4.8475179054437454e-08,1.674623253731359e-07,7.789126967755031e-08,3.479368737786735e-08,1.4230359600296545e-07
F1,S105,4.37276607837897e-08,5.797084291150679e-08,5.2853244806726066e-08,9.912916118620234e-08,7.143548912298761e-08,2.596477870448727e-08,1.4331827307696316e-07
F1,S106,1.0221924477207818e-07,3.2303562491949987e-07,6.5100608212333e-08,6.751605312920698e-07,1.212782306271987e-07,1.454685149958262e-07,4.1464472979906046e-07
F1,S107,4.430703461660756e-08,7.9809318156177e-08,5.7640589636684264e-08,8.322632402864561e-08,7.284514229602458e-08,3.227619151921821e-08,1.1067082692982105e-07
F1,S108,1.5748519256232576e-07,1.1736984118767997e-07,8.436289886509721e-08,2.3674310431218937e-07,1.3151586755070365e-07,8.864391988596261e-08,2.1152809007082275e-07
F1,S109,3.96303460140685e-08,6.331617884225927e-08,5.0317760134568294e-08,7.408987997830801e-08,6.582273084444899e-08,2.7622053475449838e-08,1.0078539362560086e-07
F1,S110,4.818184733536297e-08,7.711590380132285e-08,5.8223834032990364e-08,8.958679844952843e-08,8.301119262203906e-08,3.482906209641411e-08,1.2717947184662197e-07
F1,S111,7.399049027965381e-08,8.009384193979352e-08,1.0083862186518556e-07,1.5346497764646756e-07,2.783251801195608e-07,3.712181146555674e-08,3.003350936095645e-07
F1,S112,3.7799813572518686e-08,6.847218273097247e-08,5.181430093689088e-08,6.593991175637475e-08,7.219254129286347e-08,2.6974327927137954e-08,1.041892642766781e-07
F1,S113,4.0139760577020744e-08,8.483366521543092e-08,4.7529701240624766e-08,5.758678576848586e-08,8.717725925643318e-08,3.8716923326681385e-08,9.013329292699037e-08
F1,S114,6.134625787709332e-08,8.968954150963243e-08,1.4608094309912152e-07,1.7064863791605585e-07,1.4025321384972853e-07,3.977904459132689e-08,2.7903232641095106e-07
F1,S115,3.7093825726087947e-08,7.483541479809787e-08,4.674387810623217e-08,6.253161931449275e-08,6.368459481074268e-08,2.8787173333117806e-08,9.492886144724011e-08
F1,S116,5.494914963783989e-08,9.289322182525123e-08,8.371716353341879e-08,1.051856804113649e-07,9.81635332648416e-08,3.704692707266951e-08,1.39874981594753e-07
F1,S117,3.883069780304955e-08,8.06753782384257e-08,6.673478269537868e-08,6.373481926582275e-08,1.1904297594611797e-07,2.987550824636299e-08,1.2368998012356996e-07
F1,S118,8.770733729041784e-08,6.918039867085012e-08,8.018059113470781e-08,9.633267673703907e-08,1.37985204664535e-07,3.258639112748523e-08,1.5752309991985246e-07
F1,S119,4.600047412550367e-08,6.180780453324997e-08,4.90513915640788e-08,6.076283781243094e-08,8.398701614601665e-08,2.6956999521701844e-08,9.629093543052248e-08
F1,S120,4.7028467153611585e-08,1.497832234767585e-07,1.0626927108433034e-07,8.146058908949816e-08,1.0910141725245561e-07,3.138374370124501e-08,1.590945742284725e-07
F1,S121,5.151196898277011e-08,7.314781006303217e-08,5.266600015579984e-08,8.232401813874707e-08,1.0377714386239808e-07,3.027083514430871e-08,1.2199935993555063e-07
F1,S122,5.0575266665622644e-08,7.620731873287878e-08,5.641610075420805e-08,7.526135626674606e-08,8.226831411269274e-08,3.764240682466427e-08,1.1177576735089173e-07
F1,S123,4.620375465893402e-08,1.1453162340397305e-07,9.771176494597256e-08,9.482482677128154e-08,1.013582736478536e-07,4.085372323928983e-08,2.1132189119443596e-07
F1,S124,6.056988696542424e-08,6.444033911150024e-08,5.647271460469113e-08,1.0399722947429276e-07,9.913715109164083e-08,3.818465880297714e-08,1.287069943341828e-07
F1,S125,9.161337463367956e-07,2.539518858327089e-07,8.163346722879243e-08,5.73132946986014e-07,1.85349958898712e-07,1.1741553429488397e-07,2.7892161775516286e-07
F1,S126,7.023297028785602e-08,2.842909787503117e-07,3.579494460394024e-07,1.3356687652387007e-07,2.299592132500408e-07,1.0754880458884183e-07,2.6087429907808676e-07
F1,S127,5.7397495682314516e-08,6.627921954760194e-08,4.348214042439831e-08,7.944431730688433e-08,7.439881116788334e-08,3.6691286733994865e-08,1.0181971766706705e-07
F1,S128,5.872804175726008e-08,8.268325448443771e-07,7.517383774908191e-08,1.0346495591711029e-07,1.0998556566768718e-07,2.1635373078543013e-07,1.6220891220595063e-07
F1,S129,4.275251660678803e-08,9.294863574373063e-08,14.230267237130525,1.6457814196078345e-07,1.2293318444605712e-07,3.056221374840744e-08,6.597778429318951
F1,S130,4.4055092467436623e-08,5.257582218947249e-08,6.426182623589373e-08,6.229093294084149e-08,9.11234163022866e-08,2.6531036310456646e-08,1.0008400143231962e-07
F1,S131,685.4645387460887,1.1882024230891389e-07,8.934189201419797e-08,2.305778091923624e-07,4.289744051573415e-07,125.34991256608873,2.071535772911111e-07
F1,S132,9.559910202198353e-08,9.345010127431144e-08,5.131714669990175e-07,1.8992226270861045e-06,2.3604296141901935e-07,4.5750928385607455e-08,64.06163312191747
F1,S133,4.6029442318909635e-08,2.6642515512616443e-07,7.813092177339731e-08,6.980800058959723e-08,1.4509231297967238e-07,7.781247780402647e-08,1.3069389116073485e-07
F1,S134,5.591032928301173e-08,6.609437901453058e-08,7.337660207816161e-08,8.798738579959894e-08,1.1592822492444498e-07,3.836082846091875e-08,1.3384461983726206e-07
F1,S135,4.3224948647210855e-08,1.0264702569336378e-07,4.563366993450039e-08,6.831520795467184e-08,6.366684775880262e-08,3.741122878053339e-08,9.175338337403961e-08
F1,S136,63.91916534731983,1.3770959686281388e-07,5.968584408693147,3.1450103389224156e-05,377.5885482542554,78.90388322872396,1.4887356617817724e-06
F1,S137,4.109536473037693e-08,1.8273067562360676e-07,6.156847735909855e-08,6.1347876219407e-08,8.294633976420134e-08,8.395023100605354e-08,9.621365200955638e-08
F1,S138,4.542072124067466e-08,7.562738185175543e-08,4.866822410723323e-08,6.838319279997935e-08,7.985293152842236e-08,3.392369192985424e-08,1.0025977151907278e-07
F1,S139,5.197346177540544e-08,5.549297523395559e-08,4.990894297174433e-08,1.3026959589929086e-07,6.876691409556316e-08,2.5515520852050387e-08,1.3528919621949362e-07
F1,S140,1.0051213254137765e-07,1.0969572928414459e-07,1.2793051401555027e-07,1.4417712026786937,2.3197872662587932e-07,5.078427474992409e-08,4.739113357386639e-06
F1,S141,9.699058612362482e-08,6.25856683709387e-08,6.665678135465897e-08,1.1953885700842785e-07,1.636280533913979e-07,4.1804727875891266e-08,1.4753776334820145e-07
F1,S142,1.589548914615484e-07,6.771353629373719e-08,5.3955159069183246e-08,1.5274149102668433e-07,1.630677164222103e-07,4.882940890627844e-08,1.4791440411564625e-07
F1,S143,6.176423736351291e-08,5.873819692667082e-08,5.3840676900711015e-08,7.482012870680133e-08,1.0113301394546253e-07,3.1898051442332985e-08,1.1591826453315161e-07
F1,S144,8.374176863066214e-08,5.7416500355347265e-08,5.134945208044386e-08,2.6079701877155e-07,8.155344244622731e-08,2.6821120840292174e-08,1.8255345671601804e-07
F1,S145,3.684126604991944e-08,5.487274970258326e-08,4.617985342263378e-08,6.569862206326658e-08,6.312362983176814e-08,2.3481045829036787e-08,9.269501827305332e-08
F1,S146,4.87643449327657e-08,7.713868136498715e-08,5.049990048766769e-08,8.543641753490973e-08,6.533262295260337e-08,3.200813897209475e-08,1.1542689134272977e-07
F1,S147,1.0799028384804098e-07,41.20574367313531,1.248094784471082e-07,1.4462005226916708e-06,1.0411097003195933e-07,1.5768332169259284e-07,6.941690232160759e-07
F1,S148,4.404846573662877e-08,7.679477427957271e-08,4.7571233912743614e-08,7.454206369941051e-08,7.605954582724117e-08,3.2922290137159637e-08,1.0453145855049197e-07
F1,S149,7.081814984735619e-08,7.39260593402605e-08,7.121845597639929e-08,1.4194578013235905e-07,1.1311422168861679e-07,3.4109117707355274e-08,1.8773161843469743e-07
F1,S150,6.085165481146345e-08,5.423773235430083e-08,5.7879098864241986e-08,9.504837341752848e-08,8.651811318827071e-08,2.6827902015359962e-08,1.2135426485243344e-07
F1,S151,4.054146109076762e-08,5.748054792868857e-08,5.431959399379959e-08,7.877491673774177e-08,6.860644626114015e-08,2.4292897258271014e-08,1.0748048743209e-07
F1,S152,1.2007780102388762e-07,4.503571091344028e-07,2.0006760741101926e-07,4.289384591209642e-07,3.221647920460572e-07,4.7146539166402654e-07,5.704616845796285e-07
F1,S153,3.529651497469407e-08,5.3010139493483014e-08,4.7297995213345794e-08,6.124500440212187e-08,5.784181788101995e-08,2.2361144872064687e-08,8.788268081592549e-08
F1,S154,2.2608632414630497e-07,5.850577401354244e-07,1.6336485452331184e-07,1.5501016992616895e-07,5.89936761303409e-07,48.096813506964146,2.7993614158309693e-07
F1,S155,3.478226106148253e-08,4.731138335431836e-08,4.2783229276873534e-08,5.6546792426309336e-08,6.225772256127812e-08,2.2741459041201895e-08,8.40290082745753e-08
F1,S156,4.416670218469114e-08,8.859547995895391e-08,6.758378671465165e-08,6.579737679662556e-08,2.4358192412989833e-07,3.3211199001015526e-08,1.2876513966193825e-07
F1,S157,7.573966327033939e-08,7.646623050397095e-08,5.054791128450778e-08,9.500329158055238e-08,9.101019093531761e-08,4.260721428308073e-08,1.1176626351251725e-07
F1,S158,5.860762824517407e-08,6.938868491413726e-08,4.9856202459967185e-08,6.73236069196499e-08,1.1329514092840657e-07,3.834310276612402e-08,1.0512503579052012e-07
F1,S159,5.538919653016178e-08,9.287736534406591e-08,1.747120537004621e-07,1.4327405905438364e-07,1.937780526358815e-07,3.7232099972217654e-08,3.329572620828159e-07
F1,S160,4.3019852368382116e-08,7.597790591544327e-08,5.429316589575103e-08,7.712770261865441e-08,7.656403302863692e-08,2.8643306769866263e-08,1.224498419904817e-07
F1,S161,6.520232511974775e-08,6.427985558704418e-07,1.5783541862751252e-07,2.2401019446504647e-07,9.601608746817184e-08,5.625743880524403e-08,3.162222831985159e-07
F1,S162,6.744718327197093e-08,6.323411577497722e-08,312.20028955427733,1.5393637799903984e-07,62.01990247449277,3.225818347086223e-08,9.876319931427096e-07
F1,S163,6.173622539964462e-08,8.771003233581433e-08,6.600559784670526e-08,8.574476276601503e-08,1.39510745994001e-07,5.073360636001267e-08,1.2673797977665445e-07
F1,S164,4.304444366823854e-08,6.937016263576519e-08,4.8500416849521045e-08,6.177996810417839e-08,6.859045247047524e-08,3.10930082594334e-08,8.863010227571135e-08
F1,S165,7.305066059902473e-08,6.011285222535356e-08,4.7455275541895206e-08,7.786295789099933e-08,8.643736103839462e-08,3.76157574122802e-08,1.079135664423576e-07
F1,S166,4.954437934281126e-08,5.849516779145982e-08,4.5207803595319243e-08,7.27989622313443e-08,7.02955765996465e-08,2.5828268577604526e-08,9.615383394059388e-08
F1,S167,8.120170385934123e-07,1.0261572346392925e-07,7.830421853138455e-08,4.56396586037605e-07,2.454609630589919e-07,9.627208959717747e-08,2.983197042538103e-07
F1,S168,3.343851642539977e-08,4.924052305350243e-08,4.7151731087027376e-08,5.234209005932042e-08,6.31169213212879e-08,2.1789542172776733e-08,8.282211074712549e-08
F1,S169,91.16012937757634,1.465936403641721e-07,26.740040676397847,7.055119856896083e-07,31.647724048271026,3.3315144342166463e-07,1.2081343128635025e-06
F1,S170,6.260381848422037e-08,1.9447439477666475e-06,8.139768617937287e-08,8.660034816933204e-08,1.2257008558356357e-07,4.3599492274562335e-07,1.39144472396853e-07
F1,S171,6.175769727743445e-08,7.507303336743528e-08,6.560303183594022e-08,8.208811620993668e-08,9.729522746855674e-08,3.529629106089973e-08,1.2836449357183394e-07
F1,S172,3.37684459673633e-07,6.151852071673677e-08,5.894519996726032e-08,1.0027868845862362e-06,1.2666656399499773e-07,4.162410185238406e-08,2.300144009600697e-07
F1,S173,5.620811017652375e-08,7.373936161143147e-08,8.640990439570227e-08,1.040940565081199e-07,9.45305572717522e-08,3.075402113935352e-08,1.7296995916150796e-07
F1,S174,9.435549176225724e-08,9.418979332633748e-08,5.987382227017397e-08,6.980556264373364e-08,1.7008870373029613e-07,5.5201453236320334e-08,1.1191352858122594e-07
F1,S175,7.883563747343717e-08,9.297355212715887e-08,8.493543337069138e-08,1.0179825324247695e-07,1.301384164878989e-07,5.045870621300054e-08,1.627433171842033e-07
F1,S176,8.015569114508543e-08,8.182635643348636e-08,1.2963233702352614e-07,2.339795688098454e-07,3.823567042535554e-07,3.4805394322452314e-08,5.079942284916353e-07
F1,S177,4.103138972112967e-08,4.89405236095309e-08,4.131484159626379e-08,5.786142586246951e-08,6.448579652819627e-08,2.5267036935427088e-08,7.798658987005231e-08
F1,S178,3.573134140312507e-08,4.6288514848927875e-08,4.779237732074627e-08,5.4961594052925374e-08,6.39742571321736e-08,2.218627211745134e-08,8.439103116950398e-08
F1,S179,6.695221519402592e-08,329.0102357671555,6.791302077098489e-08,1.285884952861486e-07,9.941322086555373e-08,131.14221871794533,1.5652238045972685e-07
F1,S180,9.845585022074147e-08,7.470814259408315e-08,7.618135862022736e-08,1.289272995633019e-07,6.477874337092103e-07,3.6915297160444473e-08,2.1049111157780115e-07
F1,S181,4.9502714165184274e-08,1.3097780751623692e-07,5.60506085975304e-08,7.059249946673593e-08,9.075475695339746e-08,6.105572398900277e-08,1.0696427854734661e-07
F1,S182,6.644390330858202e-08,6.451627650992842e-08,5.203469761799616e-08,4.879628049511912e-07,8.5870434450659e-08,2.8834350454095214e-08,2.5297271794793954e-07
F1,S183,4.377449698950997e-08,1.5406010766507442e-07,5.7109563964657246e-08,7.59977597434259e-08,7.236061908923895e-08,4.220702280230198e-08,1.102174132379615e-07
F1,S184,3.142649592015292e-08,5.1188802008576426e-08,4.067318851990125e-08,5.081935889314131e-08,5.4802689208682026e-08,2.1962638616311168e-08,7.45349604855474e-08
F1,S185,2.856110535383913e-07,9.697959483163009e-08,2.2330566588723962e-07,2.812627214701239e-07,3.4048204420380904e-07,1.1473495067225587e-07,3.6349521471442067e-07
F1,S186,2.1968710806431592e-07,402.95913138136336,328.71033966631586,626.0024939055163,154.25155420064957,173.20355395158222,722.7370048615664
F1,S187,3.5565879291879745e-08,7.218286983533604e-08,4.9446006993096566e-08,6.299691722355669e-08,6.078098835420388e-08,2.7977076716348542e-08,9.8748030081467e-08
F1,S188,4.218562833490047e-08,7.042567967100853e-08,5.0288435858995425e-08,7.321084475651718e-08,6.519639543628966e-08,3.0392229692772626e-08,1.0001300431712535e-07
F1,S189,6.362911920917452e-08,7.01797093608009e-08,1.1742323581734167e-07,9.138483502714074e-08,1.6575071869767086e-07,3.871371825682571e-08,1.9627290285013093e-07
F1,S190,3.966391362303799e-08,6.044320125062427e-08,4.2014999118567234e-08,7.059651998499602e-08,6.26131314034503e-08,2.5751193102206746e-08,9.756381329308762e-08
F1,S191,19.728657525365087,1.1984916774244902e-07,8.744953435224859e-08,316.6230564933606,4.237605905271277,7.140520485488862e-08,19.615374948557513
F1,S192,3.339387044724645e-08,5.086914410288317e-08,4.0671845943562935e-08,5.206241237935148e-08,5.6851405239554044e-08,2.244892816728877e-08,7.717063625860404e-08
F1,S193,5.539983945573078e-08,5.821734989040937e-08,1.2174134382288227e-07,1.304325586596187e-07,1.2570526591939292e-07,2.7379070603668472e-08,2.172204483502963e-07
F1,S194,5.3298883717426986e-08,6.67826522232865e-08,8.672467251324436e-08,1.1634827221839353e-07,8.832046261674554e-08,2.93022742175323e-08,1.6814850832776273e-07
F1,S195,7.034516092392577e-08,5.1671856843765374e-08,4.946183845442535e-08,1.4250504200373082e-07,7.60464956715608e-08,2.5493400098207e-08,1.369622211558099e-07
F1,S196,3.7882932220012514e-08,5.4401284247858883e-08,5.039342425749971e-08,5.90505876041232e-08,6.822232733831906e-08,2.6059213480949702e-08,9.322703495675231e-08
F1,S197,6.512276243304761e-08,1.1196177859918715e-07,5.693023382461943e-08,1.4848859564408635e-07,7.486273400554469e-08,4.401340888123376e-08,1.500201660640978e-07
F1,S198,4.6907198750037995e-08,6.762301774323244e-08,7.38205640154768e-08,9.299389677134421e-08,9.769115124885544e-08,3.064048989392514e-08,1.4250369340473806e-07
F1,S199,62.43343355599558,1.2274427498003662e-07,303.47579601571977,4.7754276003961855e-06,354.38614544140137,1.8220322540923656e-07,155.64896720882402
